4294967278,312
4294967278,406
4294967278,256
4294967279,348
4294967279,347
4294967279,527
4294967279,325
4294967279,174
4294967279,346
4294967278,229
4294967279,539
4294967279,262
4707,6
4707,5
4707,4
4707,3
4707,2
4707,1
4294967278,254
4704,5
4704,4
4704,3
4704,2
4704,1
4294967279,217
4294967279,534
4294967278,216
4294967278,223
4294967278,208
4294967279,207
4702,6
4294967278,205
4702,5
4702,4
4702,3
4702,2
4702,1
4294967278,221
4294967278,197
4294967279,196
4294967278,195
4294967279,195
4294967279,194
4294967278,383
4294967279,187
4294967278,185
4294967278,219
4294967278,217
4294967279,298
4699,6
4699,5
4699,4
4699,3
4699,2
4699,1
4294967279,172
4294967279,336
4696,6
4696,5
4696,4
4696,3
4696,2
4696,1
4294967278,388
4294967278,137
4294967294,1418
4294967279,135
4294967279,326
4693,5
4693,4
4693,3
4693,2
4693,1
4294967278,390
4294967279,277
4294967294,484
4294967279,533
4294967279,562
4691,6
4691,5
4691,4
4691,3
4691,2
4691,1
4294967279,254
4294967279,532
4690,5
4690,4
4294967278,385
4690,3
4690,2
4690,1
4294967278,316
4294967279,350
4294967278,315
4294967278,253
4689,5
4689,4
4689,3
4689,2
4689,1
4294967278,419
4688,5
4688,4
4688,3
4688,2
4688,1
4294967279,531
4294967278,228
4294967279,220
4294967278,222
4294967294,965
4294967294,961
4294967294,963
4686,4
4686,3
4686,2
4686,1
4294967278,300
4294967294,183
4294967294,408
4294967294,460
4294967279,530
4294967279,345
4294967279,200
4294967279,525
4294967278,386
4294967278,372
4294967278,377
4294967278,391
4294967278,389
4294967279,328
4294967279,342
4294967279,344
4294967279,349
4294967279,343
4294967279,244
4294967279,554
4294967279,544
4294967278,309
4294967278,191
4294967278,394
4685,6
4685,5
4685,4
4685,2
4685,1
4294967278,161
4294967278,153
4294967279,145
4682,5
4682,4
4294967278,144
4682,3
4682,2
4682,1
4294967279,329
4294967279,139
4294967278,133
4294967279,270
4294967279,283
4680,6
4680,5
4680,4
4680,3
4680,2
4680,1
4294967279,256
4294967279,522
4294967279,551
4294967278,366
4677,6
4294967279,250
4677,5
4677,4
4294967279,249
4677,3
4677,2
4677,1
4294967278,244
4294967279,236
4294967278,232
4294967279,519
4294967278,218
4674,6
4674,5
4674,4
4674,2
4674,1
4294967279,323
4294967279,206
4294967278,201
4294967278,355
4294967278,196
4294967279,192
4671,5
4671,4
4671,3
4671,2
4671,1
4294967279,185
4294967278,182
4294967278,181
4294967279,181
4294967278,180
4294967278,374
4294967278,293
4294967278,290
4294967278,445
4294967279,285
4294967279,540
4294967279,340
4294967278,178
4669,6
4294967294,1421
4294967294,1420
4294967279,518
4669,5
4294967278,173
4669,4
4669,3
4669,2
4669,1
4294967279,330
4294967279,171
4294967279,168
4294967294,948
4294967279,517
4668,5
4294967279,166
4668,4
4668,3
4668,2
4668,1
4294967278,435
4294967278,164
4667,5
4667,4
4667,3
4667,2
4667,1
4294967279,152
4294967279,151
4666,5
4666,4
4666,3
4666,2
4666,1
4294967279,536
4294967279,147
4294967279,144
4294967279,528
4294967278,145
4294967279,138
4664,4
4664,3
4664,2
4664,1
4294967279,252
4294967294,170
4294967294,902
4294967294,480
4294967279,274
4294967279,333
4294967278,343
4294967279,273
4294967279,251
4294967279,246
4294967294,409
4294967294,178
4294967294,179
4294967294,403
4294967294,168
4294967294,444
4294967294,384
4294967294,416
4294967294,386
4294967279,535
4294967279,258
4294967279,257
4294967279,242
4294967279,248
4294967278,304
4294967279,235
4294967278,238
4663,6
4663,5
4663,4
4663,2
4663,1
4294967279,212
4294967279,211
4294967278,291
4660,5
4660,4
4294967279,202
4660,3
4660,2
4660,1
4294967278,303
4294967278,192
4294967279,186
4658,6
4658,5
4658,4
4658,3
4658,2
4658,1
4294967279,176
4294967278,363
4294967278,362
4294967278,166
4294967278,302
4294967278,165
4294967279,165
4294967279,238
4655,6
4655,5
4655,4
4655,3
4655,2
4655,1
4294967294,161
4294967294,905
4294967294,899
4294967278,152
4294967279,294
4294967279,143
4294967279,314
4294967278,299
4294967278,438
4652,6
4294967279,272
4652,5
4652,4
4294967279,136
4652,2
4652,1
4294967278,136
4294967294,1416
4294967278,287
4294967279,282
4294967278,269
4294967279,275
4294967278,278
4294967279,513
4649,5
4649,4
4649,3
4649,2
4649,1
4294967278,323
4294967279,550
4294967278,320
4294967294,420
4294967294,451
4647,6
4294967278,298
4294967278,248
4647,5
4294967279,243
4647,4
4647,3
4647,2
4647,1
4294967278,296
4646,5
4646,4
4646,3
4646,2
4646,1
4294967279,215
4645,5
4294967278,214
4645,4
4645,3
4645,2
4645,1
4294967278,209
4644,5
4644,4
4644,3
4644,2
4644,1
4294967279,205
4294967279,230
4294967279,201
4294967279,228
4294967279,198
4642,4
4642,3
4642,2
4642,1
4294967279,226
4294967278,447
4294967294,387
4294967278,295
4294967278,294
4294967278,292
4294967294,919
4294967294,164
4294967294,448
4294967294,400
4294967294,184
4294967279,321
4294967279,224
4294967294,915
4294967294,907
4294967279,304
4294967278,286
4294967278,282
4294967278,283
4294967278,215
4294967279,318
4294967278,326
4294967278,289
4294967278,403
4294967278,175
4294967279,170
4294967279,161
4294967279,218
4294967279,137
4641,6
4641,5
4641,4
4641,2
4641,1
4294967279,216
4294967278,146
4294967278,143
4294967278,329
4294967279,214
4294967279,133
4294967278,358
4294967279,312
4294967278,400
4638,5
4638,4
4294967278,270
4638,3
4638,2
4638,1
4294967278,335
4294967278,359
4294967279,383
4294967278,285
4294967278,262
4294967279,255
4294967279,514
4636,6
4636,5
4636,4
4636,3
4636,2
4636,1
4294967279,241
4294967278,240
4294967279,382
4294967279,231
4294967278,284
4294967278,226
4633,6
4633,5
4633,4
4633,3
4633,2
4633,1
4294967279,381
4294967278,204
4294967279,379
4294967279,197
4294967278,194
4630,6
4630,5
4630,4
4630,2
4630,1
4294967279,188
4294967279,305
4294967278,186
4294967279,180
4294967279,173
4294967278,171
4294967278,169
4294967278,168
4627,5
4627,4
4627,3
4627,2
4627,1
4294967279,164
4294967278,280
4625,6
4294967278,351
4625,5
4294967278,156
4294967279,155
4294967278,155
4625,4
4625,3
4625,2
4625,1
4294967294,396
4294967294,413
4294967294,398
4294967294,167
4294967294,412
4294967294,397
4294967294,402
4294967279,150
4294967279,363
4624,5
4294967279,149
4624,4
4624,3
4624,2
4624,1
4294967278,397
4294967294,900
4294967294,401
4294967294,966
4294967294,162
4294967279,146
4294967279,524
4294967278,279
4294967278,275
4294967279,559
4294967278,142
4623,5
4623,4
4623,3
4623,2
4623,1
4294967278,134
4622,5
4294967279,271
4294967278,276
4622,4
4622,3
4622,2
4622,1
4294967278,288
4294967294,115
4294967279,240
4294967278,273
4294967278,281
4294967278,265
4294967278,354
4620,4
4620,3
4620,2
4620,1
4294967294,468
4294967278,272
4294967278,422
4294967279,309
4294967294,393
4294967294,390
4294967294,1417
4294967278,132
4294967278,131
4294967278,130
4294967278,129
4294967278,345
4294967278,128
4294967278,127
4294967278,121
4294967278,120
4294967278,119
4294967278,118
4294967278,117
4294967278,116
4294967278,115
4294967278,114
4294967278,266
4294967278,113
4294967278,357
4294967278,110
4294967278,108
4294967278,107
4294967278,106
4294967278,105
4294967278,104
4294967278,101
4294967278,99
4294967278,97
4294967278,96
4294967278,95
4294967278,94
4294967278,93
4294967278,92
4294967278,91
4294967278,90
4294967278,89
4294967278,86
4294967278,84
4294967278,82
4294967278,81
4294967278,80
4294967278,79
4294967278,77
4294967278,76
4294967278,75
4294967278,72
4294967278,71
4294967278,70
4294967278,69
4294967278,68
4294967278,67
4294967278,66
4294967278,65
4294967278,64
4294967278,63
4294967278,62
4294967278,61
4294967278,60
4294967278,59
4294967278,58
4294967278,57
4294967278,56
4294967278,55
4294967278,54
4294967278,53
4294967278,52
4294967278,51
4294967278,446
4294967278,50
4294967278,49
4294967278,361
4294967278,48
4294967278,47
4294967278,46
4294967278,360
4294967278,45
4294967278,44
4294967278,43
4294967278,42
4294967278,41
4294967278,40
4294967278,39
4294967278,38
4294967278,37
4294967278,350
4294967278,36
4294967278,35
4294967278,34
4294967278,33
4294967278,32
4294967278,31
4294967278,30
4294967278,29
4294967278,28
4294967278,27
4294967278,26
4294967278,25
4294967278,24
4294967278,23
4294967278,444
4294967278,22
4294967278,21
4294967278,20
4294967278,19
4294967278,18
4294967278,17
4294967278,16
4294967278,15
4294967278,14
4294967278,13
4294967278,12
4294967278,11
4294967278,10
4294967278,9
4294967278,8
4294967278,7
4294967278,6
4294967278,5
4294967278,4
4294967279,132
4294967279,131
4294967279,130
4294967279,129
4294967279,128
4294967279,127
4294967279,126
4294967279,308
4294967279,125
4294967279,121
4294967279,120
4294967279,119
4294967279,118
4294967279,117
4294967279,116
4294967279,115
4294967279,114
4294967279,374
4294967279,113
4294967279,112
4294967279,111
4294967279,110
4294967279,561
4294967279,86
4294967279,85
4294967279,84
4294967279,83
4294967279,82
4294967279,81
4294967279,80
4294967279,79
4294967279,78
4294967279,77
4294967279,76
4294967279,75
4294967279,74
4294967279,73
4294967279,72
4294967279,71
4294967279,70
4294967279,69
4294967279,68
4294967279,67
4294967279,66
4294967279,65
4294967279,523
4294967279,64
4294967279,317
4294967279,63
4294967279,62
4294967279,316
4294967279,61
4294967279,59
4294967279,57
4294967279,56
4294967279,55
4294967279,54
4294967279,53
4294967279,52
4294967279,51
4294967279,49
4294967279,48
4294967279,47
4294967279,46
4294967279,45
4294967279,44
4294967279,43
4294967279,42
4294967279,41
4294967279,40
4294967279,39
4294967279,38
4294967279,37
4294967279,36
4294967279,516
4294967279,35
4294967279,34
4294967279,33
4294967279,32
4294967279,31
4294967279,30
4294967279,29
4294967279,28
4294967279,27
4294967279,26
4294967279,25
4294967279,24
4294967279,23
4294967279,22
4294967279,21
4294967279,20
4294967279,19
4294967279,18
4294967279,17
4294967279,16
4294967279,15
4294967279,14
4294967279,13
4294967279,12
4294967279,11
4294967279,10
4294967279,9
4294967279,8
4294967279,7
4294967279,538
4294967279,310
4294967279,4
4294967278,124
4294967279,124
4294967278,123
4294967278,313
4294967279,260
4294967279,123
4294967278,122
4294967278,356
4294967279,122
4294967278,271
4294967278,237
4294967294,405
4294967294,118
4294967294,113
4294967279,233
4619,6
4619,5
4619,4
4619,2
4619,1
4294967278,407
4294967278,211
4294967278,210
4294967279,209
4294967278,340
4294967294,173
4294967278,199
4294967278,441
4616,5
4616,4
4294967279,193
4616,3
4616,2
4616,1
4294967278,189
4294967294,12
4294967279,183
4294967278,259
4614,6
4614,5
4614,4
4614,3
4614,2
4614,1
4294967279,169
4294967278,167
4294967278,157
4294967279,154
4294967278,151
4611,6
4611,5
4611,4
4611,3
4611,2
4611,1
4294967278,141
4294967279,142
4294967279,141
4294967279,556
4608,6
4608,5
4608,4
4608,2
4608,1
4294967294,483
4294967279,315
4294967279,548
4294967279,247
4605,5
4605,4
4605,3
4605,2
4605,1
4294967278,126
4294967278,125
4294967278,111
4294967278,109
4294967278,103
4294967278,387
4294967278,102
4294967278,100
4294967278,87
4294967278,85
4294967278,404
4294967278,78
4294967278,260
4294967278,398
4294967278,263
4294967278,337
4294967278,336
4294967278,412
4294967279,307
4294967279,222
4294967279,50
4294967279,267
4294967279,293
4294967279,358
4294967279,6
4294967279,5
4294967279,245
4294967294,967
4294967278,236
4294967279,237
4603,6
4294967294,482
4294967294,901
4294967278,112
4294967278,234
4603,5
4294967279,229
4294967279,227
4603,4
4603,3
4603,2
4603,1
4294967279,225
4294967279,223
4294967279,378
4294967278,297
4602,5
4602,4
4602,3
4602,2
4602,1
4294967279,213
4294967278,212
4294967278,415
4294967278,98
4294967279,208
4294967278,207
4294967278,206
4294967279,204
4601,5
4601,4
4601,3
4601,2
4601,1
4294967278,200
4600,5
4294967278,83
4294967278,198
4600,4
4600,3
4600,2
4600,1
4294967294,385
4294967294,391
4294967294,175
4294967278,193
4294967279,377
4294967278,443
4294967278,74
4598,4
4598,3
4598,2
4598,1
4294967278,416
4294967278,314
4294967278,396
4294967278,311
4294967294,120
4294967278,339
4294967294,973
4294967294,68
4294967294,11
4294967279,60
4294967278,442
4294967279,58
4294967278,440
4294967279,376
4294967279,301
4294967279,158
4597,6
4597,5
4597,4
4597,2
4597,1
4294967278,439
4294967279,375
4294967278,138
4294967278,277
4294967279,134
4594,5
4594,4
4594,3
4594,2
4594,1
4294967278,251
4294967278,264
4294967294,463
4294967294,411
4294967294,109
4294967294,110
4592,6
4592,5
4294967279,512
4592,4
4294967278,324
4592,3
4592,2
4592,1
4294967279,319
4294967278,250
4294967278,437
4294967278,242
4294967279,239
4294967279,219
4294967278,224
4589,6
4589,5
4589,4
4294967279,221
4589,3
4589,2
4589,1
4294967278,220
4294967279,210
4294967278,203
4294967279,203
4294967279,373
4586,6
4586,5
4586,4
4586,2
4586,1
4294967279,179
4294967279,175
4583,5
4583,4
4583,3
4583,2
4583,1
4581,6
4294967294,190
4294967278,158
4294967279,160
4581,5
4294967279,157
4581,4
4581,3
4581,2
4581,1
4294967278,154
4580,5
4580,4
4294967278,149
4580,3
4580,2
4580,1
4294967279,148
4294967278,148
4294967294,399
4294967294,1415
4294967294,455
4294967294,116
4294967278,139
4579,5
4579,4
4294967278,140
4579,3
4579,2
4579,1
4294967293,131
4294967293,130
4294967293,129
4294967293,128
4294967293,127
4294967293,126
4294967293,125
4294967293,124
4294967293,123
4294967293,122
4294967293,121
4294967293,120
4294967293,119
4294967293,118
4294967293,117
4294967293,116
4294967293,115
4294967293,114
4294967293,113
4294967293,112
4294967293,111
4294967293,110
4294967293,109
4294967293,108
4294967293,107
4294967293,106
4294967293,105
4294967293,104
4294967293,103
4294967293,102
4294967293,101
4294967293,100
4294967293,99
4294967293,98
4294967293,97
4294967293,96
4294967293,95
4294967293,94
4294967293,93
4294967293,92
4294967293,91
4294967293,90
4294967293,89
4294967293,87
4294967293,86
4294967293,85
4294967293,84
4294967293,83
4294967293,82
4294967293,81
4294967293,80
4294967293,79
4294967293,78
4294967293,77
4294967293,76
4294967293,75
4294967293,74
4294967293,73
4294967293,72
4294967293,71
4294967293,70
4294967293,69
4294967293,68
4294967293,67
4294967293,66
4294967293,65
4294967293,64
4294967293,63
4294967293,62
4294967293,61
4294967293,60
4294967293,59
4294967293,58
4294967293,57
4294967293,56
4294967293,55
4294967293,54
4294967293,53
4294967293,52
4294967293,51
4294967293,50
4294967293,49
4294967293,48
4294967293,47
4294967293,46
4294967293,45
4294967293,44
4294967293,43
4294967293,42
4294967293,41
4294967293,40
4294967293,39
4294967293,38
4294967293,37
4294967293,36
4294967293,35
4294967293,34
4294967293,33
4294967293,32
4294967293,31
4294967293,30
4294967293,29
4294967293,28
4294967293,27
4294967293,26
4294967293,25
4294967293,24
4294967293,23
4294967293,22
4294967293,21
4294967293,20
4294967293,19
4294967293,18
4294967293,17
4294967293,16
4294967293,15
4294967293,14
4294967293,13
4294967293,12
4294967293,11
4294967293,10
4294967293,9
4294967293,8
4294967293,7
4294967293,6
4294967293,5
4294967293,4
4294967293,3
4294967278,327
4294967278,352
4294967278,73
4294967278,330
4294967278,338
4294967278,430
4294967279,289
4294967279,288
4294967279,232
4294967279,105
4294967279,101
4294967279,99
4294967279,91
4294967279,89
4294967279,87
4294967279,281
4294967279,156
4294967278,135
4294967278,252
4578,5
4578,4
4578,3
4578,2
4578,1
4294967279,372
4294967279,371
4294967278,274
4294967279,265
4294967278,411
4294967279,261
4576,4
4576,3
4576,2
4576,1
0,7
4294967294,1
4294967294,29
4294967294,388
4294967279,370
4294967278,349
4294967279,291
4294967279,369
4294967294,89
4294967294,1413
4294967278,346
4294967278,0
4294967294,392
4294967294,46
4294967294,389
4294967294,114
4294967294,2
4294967279,290
4294967294,424
4294967279,368
4294967279,367
4294967279,2
4294967279,88
4294967294,107
4294967294,50
4294967294,91
4294967294,86
4294967294,85
4294967294,419
4294967294,53
4294967294,45
4294967294,427
4294967294,40
4294967294,38
4294967294,37
4294967294,96
4294967294,94
4294967294,8
4294967294,93
4294967294,42
4294967294,99
4294967294,36
4294967294,39
4294967294,437
4294967294,51
4294967294,52
4294967294,81
4294967294,1414
4294967294,83
4294967294,92
4294967294,88
0,5
4294967278,365
4294967279,366
4294967279,0
4294967294,6
4294967294,5
4294967294,180
4294967279,234
4294967278,384
4575,6
4575,5
4575,4
4575,2
4575,1
4294967279,311
4294967278,213
4572,5
4572,4
4572,3
4572,2
4572,1
4294967278,190
4294967279,520
4570,6
4570,5
4570,4
4570,3
4570,2
4570,1
4294967278,179
4294967278,170
4294967279,287
4294967278,434
4567,6
4567,5
4567,4
4567,3
4567,2
4567,1
4294967279,153
4294967278,432
4294967294,964
4294967278,147
4294967279,380
4564,6
4564,5
4564,4
4564,2
4564,1
4294967278,382
4294967278,321
4561,5
4561,4
4561,3
4561,2
4561,1
4294967278,431
4559,6
4559,5
4559,4
4559,3
4559,2
4559,1
4294967278,301
4558,5
4558,4
4558,3
4558,2
4558,1
4294967294,395
4294967294,407
4294967294,465
4294967279,338
4294967278,429
4557,5
4557,4
4557,3
4557,2
4557,1
4556,5
4556,4
4556,3
4556,2
4556,1
4294967279,199
4294967279,529
4554,4
4554,3
4554,2
4554,1
4294967294,903
4294967294,904
4294967294,186
4294967294,28
4294967294,0
4294967294,917
4294967278,402
4294967294,25
4294967294,90
4294967294,87
4294967294,84
4294967294,950
4294967294,949
4294967294,921
4294967294,920
4294967294,27
4294967294,44
4294967294,9
4294967294,22
4294967294,95
4294967294,17
4294967294,67
4294967294,76
4294967294,41
4294967294,43
4294967294,417
4294967294,946
4294967294,26
4294967294,970
4294967294,82
4294967278,421
4294967278,409
4294967278,241
4294967278,245
4294967278,239
4294967278,310
4294967278,227
4294967278,433
4294967279,357
4294967279,109
4294967279,108
4294967279,107
4294967279,106
4294967279,104
4294967279,103
4294967279,102
4294967279,100
4294967279,98
4294967279,97
4294967279,96
4294967279,95
4294967279,94
4294967279,93
4294967279,92
4294967279,90
4294967279,574
4294967279,268
4294967279,565
4294967294,7
4294967278,319
4294967279,365
4294967278,308
4553,6
4553,5
4553,4
4553,2
4553,1
4294967278,428
4294967278,427
4294967279,515
4550,5
4550,4
4550,3
4550,2
4550,1
4294967278,426
4294967278,257
4548,6
4548,5
4548,4
4548,3
4548,2
4548,1
4294967278,425
4294967294,909
4294967278,424
4294967278,230
4545,6
4545,5
4545,4
4545,3
4545,2
4545,1
4294967279,364
4542,6
4542,5
4542,4
4542,2
4542,1
4294967278,307
4294967278,188
4294967279,178
4294967279,177
4539,5
4539,4
4539,3
4539,2
4539,1
4294967278,231
4294967278,163
4537,6
4537,5
4537,4
4537,3
4537,2
4537,1
4294967278,423
4294967278,2
4294967278,88
4536,5
4536,4
4536,3
4536,2
4536,1
4535,5
4535,4
4535,3
4535,2
4535,1
4534,5
4534,4
4534,3
4534,2
4534,1
4294967279,354
4294967279,279
4532,4
4532,3
4532,2
4532,1
4294967294,169
4294967294,111
4294967294,418
4294967294,457
4294967279,266
4294967279,259
4294967278,348
4294967278,225
4294967278,334
4294967278,306
4294967278,344
4294967279,352
4294967279,280
4294967279,521
4294967279,558
4294967279,269
4294967278,418
4294967278,174
4294967279,361
4294967279,360
4294967278,333
4294967279,547
4531,6
4531,5
4531,4
4531,2
4531,1
4294967279,322
4294967279,353
4294967279,302
4528,5
4528,4
4528,3
4528,2
4528,1
4294967279,191
4294967278,184
4526,6
4526,5
4526,4
4526,3
4526,2
4526,1
4294967278,159
4523,6
4523,5
4523,4
4523,3
4523,2
4523,1
4294967278,414
4294967279,359
4294967294,912
4294967278,413
4520,6
4520,5
4520,4
4520,2
4520,1
4294967279,264
4294967279,263
4294967278,267
4294967278,261
4294967279,253
4517,5
4517,4
4517,3
4517,2
4517,1
4294967279,286
4294967294,406
4294967294,467
4515,6
4294967294,1419
4515,5
4515,4
4515,3
4515,2
4515,1
4514,5
4514,4
4514,3
4514,2
4514,1
4294967279,356
4294967279,575
4513,5
4513,4
4513,3
4513,2
4513,1
4294967279,537
4294967278,410
4512,5
4512,4
4512,3
4512,2
4512,1
4294967294,918
4294967294,163
4294967294,421
4294967279,190
4510,4
4510,3
4510,2
4510,1
4294967279,189
4294967278,342
4294967294,410
4294967294,108
4294967294,453
4294967294,160
4294967279,303
4294967278,176
4294967278,420
4294967278,392
4294967278,417
4294967278,373
4294967278,405
4294967278,399
4294967278,317
4294967278,393
4294967279,571
4294967279,339
4294967279,557
4294967279,332
4294967279,362
4294967279,555
4294967279,573
4294967279,297
4294967279,334
4294967278,408
4509,6
4509,5
4509,4
4509,2
4509,1
4294967278,150
4294967294,182
4294967294,914
4294967294,916
4294967279,351
4294967279,355
4506,5
4506,4
4506,3
4506,2
4506,1
4294967278,258
4504,6
4504,5
4504,4
4504,3
4504,2
4504,1
4294967278,318
4294967278,246
4501,6
4501,5
4501,4
4501,3
4501,2
4501,1
4498,6
4498,5
4498,4
4498,2
4498,1
4294967278,187
4294967279,184
4294967278,183
4294967294,112
4294967294,481
4294967278,172
4495,5
4495,4
4495,3
4495,2
4495,1
4294967279,167
4294967278,401
4493,6
4294967279,163
4294967279,162
4493,5
4294967278,160
4493,4
4493,3
4493,2
4493,1
4492,5
4492,4
4492,3
4492,2
4492,1
4491,5
4491,4
4491,3
4491,2
4491,1
4294967278,395
4294967279,140
4490,5
4490,4
4490,3
4490,2
4490,1
4294967278,268
4488,4
4488,3
4488,2
4488,1
4294967278,347
4294967294,414
4294967278,341
4294967279,324
4294967279,335
4487,6
4487,5
4487,4
4487,2
4487,1
4294967278,305
4484,5
4484,4
4484,3
4484,2
4484,1
4482,6
4482,5
4482,4
4294967279,182
4482,3
4482,2
4482,1
4294967279,320
4294967278,162
4294967279,159
4479,6
4479,5
4479,4
4479,3
4479,2
4479,1
4294967278,375
4294967294,176
4294967294,185
4476,6
4476,5
4476,4
4476,2
4476,1
4294967294,189
4294967294,456
4294967279,549
4473,5
4473,4
4473,3
4473,2
4473,1
4471,6
4294967278,436
4294967279,341
4471,5
4471,4
4471,3
4471,2
4471,1
4470,5
4470,4
4470,3
4470,2
4470,1
4469,5
4469,4
4469,3
4469,2
4469,1
4468,5
4294967278,202
4468,4
4468,3
4468,2
4468,1
4294967279,331
